000020
000040
000050
000070
000080
000087
000100
000105
000120
000140
000145
000150
000155
000157
000180
000210
000215
000220
000225
000227
000230
000240
000270
000300
000320
000325
000370
000390
000400
000430
000480
000490
000500
000520
000540
000545
000590
000640
000650
000660
000670
000680
000700
000720
000725
000760
000810
000815
000850
000860
000880
000890
000910
000950
000970
000990
001020
001040
001045
001060
001065
001067
001070
001080
001120
001130
001200
001210
001230
001250
001260
001270
001275
001290
001340
001360
001380
001390
001420
001430
001440
001450
001460
001465
001470
001500
001510
001515
001520
001525
001527
001530
001550
001560
001570
001620
001630
001680
001685
001720
001740
001750
001755
001770
001780
001790
001795
001800
001820
001940
002020
002025
002030
002070
002100
002140
002150
002170
002200
002210
002220
002240
002310
002320
002350
002355
002360
002380
002390
002410
002420
002450
002460
002600
002620
002630
002690
002700
002710
002720
002760
002780
002785
002787
002790
002795
002810
002820
002840
002870
002880
002900
002920
002960
002990
002995
003000
003010
003030
003060
003070
003075
003080
003090
003120
003160
003200
003220
003230
003240
003280
003300
003350
003460
003465
003470
003475
003480
003490
003495
003520
003530
003535
003540
003545
003547
003550
003555
003570
003580
003610
003620
003650
003670
003680
003690
003720
003780
003830
003850
003920
003925
003960
004000
004020
004060
004080
004090
004100
004105
004140
004150
004170
004250
004255
004270
004310
004360
004365
004370
004380
004410
004415
004430
004440
004450
004490
004540
004545
004560
004690
004700
004710
004720
004770
004800
004830
004835
004840
004870
004890
004910
004920
004960
004970
004980
004985
004990
005010
005030
005070
005090
005110
005180
005250
005257
005300
005305
005320
005360
005380
005385
005387
005389
005420
005430
005440
005490
005500
005610
005680
005690
005720
005725
005740
005745
005750
005800
005810
005820
005830
005850
005870
005880
005930
005935
005940
005945
005950
005960
005965
006040
006060
006090
006110
006120
006125
006200
006220
006260
006280
006340
006345
006360
006370
006380
006400
006405
006490
006570
006650
006660
006740
006800
006805
006840
006880
006890
006980
007070
007110
007120
007160
007210
007280
007310
007340
007460
007540
007570
007575
007590
007610
007660
007690
007700
007810
007815
007860
007980
008040
008060
008250
008260
008350
008355
008420
008490
008500
008600
008700
008730
008770
008775
008870
008930
008970
009070
009140
009150
009155
009160
009180
009190
009200
009240
009270
009290
009310
009320
009410
009415
009420
009440
009450
009460
009470
009540
009580
009680
009770
009810
009830
009835
009900
009970
010040
010060
010100
010120
010130
010140
010400
010580
010640
010660
010690
010770
010780
010820
010950
010955
010960
011000
011070
011090
011150
011155
011170
011200
011210
011230
011280
011300
011330
011390
011420
011500
011690
011700
011760
011780
011785
011790
011810
011930
012030
012160
012170
012200
012205
012280
012320
012330
012450
012510
012610
012630
012690
012750
012800
013000
013360
013520
013570
013580
013700
013870
013890
014130
014160
014280
014285
014440
014530
014580
014680
014710
014790
014820
014825
014830
014910
014915
014990
015020
015230
015260
015360
015590
015760
015860
015890
016090
016360
016380
016450
016580
016590
016610
016710
016740
016800
016880
017040
017180
017370
017390
017550
017670
017800
017810
017860
017900
017940
017960
018250
018260
018470
018500
018670
018880
019170
019175
019180
019490
019680
019685
020000
020120
020150
020560
020760
021050
021240
021820
022100
023000
023150
023350
023450
023530
023590
023800
023810
023960
024070
024090
024110
024720
024890
024900
025000
025530
025540
025560
025620
025750
025820
025860
025890
026890
026940
026960
027410
027740
027970
028050
028100
028260
028670
029460
029530
029780
030000
030190
030200
030210
030610
030720
031210
031430
031440
031820
032350
032560
032640
032830
033240
033250
033270
033530
033780
033920
034020
034120
034220
034230
034310
034590
034730
034830
035000
035150
035250
035420
035510
035720
036420
036460
036530
036570
036580
037270
037560
037710
039130
039490
039570
041650
042660
042700
044380
044450
044820
047040
047050
047400
047810
049800
051600
051630
051900
051905
051910
051915
052690
053210
053690
055490
055550
057050
058430
058650
058730
058850
058860
060980
062040
063160
064350
064400
064960
066570
066575
066970
067830
068270
068290
069260
069460
069500
069620
069640
069660
069730
069960
070960
071050
071055
071090
071320
071840
071950
071970
072130
072710
073240
074610
075180
075580
077500
077970
078000
078520
078930
078935
079160
079430
079550
079900
079980
081000
081660
082640
082740
083420
084010
084670
084680
084690
084695
084870
085310
085620
086280
086790
088260
088350
088790
088980
089470
089590
089860
090080
090350
090355
090370
090430
090435
090460
091160
091170
091180
091220
091230
091810
092200
092220
092230
092440
092780
092790
093050
093240
093370
094280
094800
095570
095720
096760
096770
096775
097230
097520
097950
097955
099140
100090
100220
100250
100840
100910
101140
101280
101530
102110
102260
102460
102780
102960
102970
103140
103590
104520
104530
104700
105010
105190
105560
105630
105780
105840
107590
108320
108450
108590
108670
108675
109070
111110
111380
111770
112610
114090
114100
114260
114460
114470
114800
114820
117460
117580
117680
117690
117700
118000
119650
120030
120110
120115
122090
122260
122630
122900
123310
123320
123690
123700
123890
126560
126720
128820
128940
129260
130660
130680
130730
131890
132030
133690
133820
134380
134790
136340
136490
137310
137610
138040
138230
138520
138530
138540
138910
138920
138930
139130
139220
139230
139240
139250
139260
139270
139280
139290
139320
139480
139660
139990
140570
140580
140700
140710
140950
143210
143850
143860
144600
145210
145270
145670
145720
145850
145990
145995
147970
148020
148070
150460
152100
152380
152500
152870
153130
153270
155660
156080
157450
157490
157500
159800
160580
161000
161390
161510
161890
163560
166400
167860
168580
169950
170900
174350
174360
175330
176950
178920
180640
181480
181710
182480
182490
183190
183700
183710
185680
185750
189400
190620
192080
192090
192400
192650
192720
192820
194370
195870
195920
195930
195970
195980
196030
196230
200030
200250
200880
203780
204320
204450
204480
205720
207940
210540
210780
210980
211560
211900
213500
213610
213630
214320
214330
214390
214420
214980
215620
217590
217770
217780
218420
219390
219480
219900
220130
223190
225030
225040
225050
225060
225130
225800
226320
226380
226490
226980
227540
227550
227560
227570
227830
227840
228790
228800
228810
228820
229200
229640
229720
230480
232080
233160
233740
234080
234310
236350
237350
237370
237440
238670
238720
239660
241180
241390
241560
241590
243880
243890
244580
244620
244660
244670
244920
245340
245350
245360
245710
248070
248170
248270
249420
250730
250780
251270
251340
251350
251590
251600
252000
252400
252410
252420
252650
252670
252710
253150
253160
253230
253240
253250
253280
253290
256440
256450
256750
259960
261060
261070
261110
261120
261140
261220
261240
261250
261260
261270
261920
264900
265690
266160
266360
266370
266390
266410
266420
266550
267250
267260
267270
267290
267440
267450
267490
267770
267850
268280
269370
269420
269530
269540
270800
270810
271050
271060
271560
271940
271980
272210
272450
272550
272560
272570
272580
272910
273130
273140
275280
275290
275300
275750
275980
276000
276650
276970
276990
277540
277630
277640
277650
278240
278470
278530
278540
278620
279530
279540
279570
280320
280360
280920
280930
280940
281820
281990
282000
282330
283580
284430
284740
284980
285130
285690
286940
287180
289040
289250
289260
289480
289670
290080
290130
291130
291620
291630
291680
291890
292050
292150
292160
292190
292500
292560
292770
293180
293480
293940
294400
294870
295000
295020
295040
298000
298020
298040
298050
298340
298690
298770
300610
300640
300720
300950
301400
301410
302190
302440
302450
304660
304670
304760
304770
304780
304940
305050
305080
305540
305720
306200
306520
306530
306950
307510
307520
307950
308170
308620
309230
310080
310960
310970
314250
314700
315270
315930
315960
316140
316300
316670
317400
317450
319640
321410
322000
322400
322410
323410
325010
325020
326030
326230
326240
328370
329180
329200
329650
329660
329670
329750
330590
332500
332610
332620
332930
332940
334690
334700
334890
336160
336260
336370
337120
337140
337150
337160
338100
339770
341850
344820
348950
350520
352540
352560
352820
353200
354240
354350
354500
356540
357120
357250
357430
357870
359210
360140
360150
360200
360750
361580
361610
363280
363510
363570
363580
364690
364960
364970
364980
364990
365000
365040
365550
365780
367380
367740
367760
367770
368190
368590
368680
371150
371160
371450
371460
371470
371870
372330
372910
373220
373490
373790
375270
375500
375760
375770
376410
377190
377300
377740
377990
378850
379780
379790
379800
379810
380340
381170
381180
381560
381570
381970
383220
383800
385510
385520
385540
385550
385560
385590
385600
385710
385720
387270
387280
388280
388420
390390
390400
391600
391670
394660
394670
395150
395160
395170
395270
395280
395290
395400
395750
395760
396500
396510
396520
396690
397420
399110
399580
400570
400580
400590
400760
400970
401170
401470
401590
402340
402460
402970
403550
403790
404120
404260
404540
404650
404990
407300
407310
407820
407830
409810
409820
410870
411060
411420
411540
411860
412560
412570
412770
413220
413930
414270
414780
415340
415640
415760
415920
416090
417310
417450
417630
418660
418670
419420
419430
419650
419890
421320
422260
422420
423160
423170
423920
424460
426020
426030
426150
427120
428510
428560
429000
429010
429740
429760
429980
430500
432320
432600
432840
433220
433250
433330
433500
433880
433970
433980
434060
434730
434960
435040
435420
435530
435540
435550
436140
437070
437080
437350
437370
438080
438100
438320
438330
438560
438570
438740
438900
439260
439860
439870
440340
440640
440650
440910
441540
441640
441680
441800
442090
442260
442320
442550
442560
442570
442580
443060
444200
444490
445150
445290
445690
445910
446070
446690
446700
446720
446770
447430
447620
447660
447770
448100
448290
448300
448330
448490
448540
448570
448630
448730
449170
449180
449190
449450
449580
449680
449690
449770
449780
450080
450180
450190
450910
451000
451060
451150
451530
451540
451600
451670
451800
452250
452260
452360
453010
453060
453080
453330
453340
453630
453640
453650
453660
453810
453820
453850
453870
453950
454180
454320
454780
454910
455030
455660
455850
455860
455890
455960
456040
456200
456250
456600
456610
456680
456880
457190
457480
457690
457700
457930
457990
458030
458210
458250
458260
458730
458750
458760
459560
459580
459750
459790
460270
460660
460850
460860
460960
461270
461340
461450
461460
461490
461500
461580
461600
461900
461910
461950
462010
462330
462340
462520
462870
462900
463050
463250
463290
463300
463640
463680
463690
464240
464310
464470
464600
464610
464920
464930
465330
465350
465580
465610
465620
465660
465670
465770
465780
466810
466920
466930
466940
466950
468370
468380
468630
469050
469060
469070
469150
469160
469170
469530
469790
469830
470310
471040
471230
471460
471760
471780
471990
472150
472160
472170
472720
472830
472840
472870
472920
473290
473330
473440
473460
473490
473590
473640
474220
474390
474590
474800
474920
475050
475070
475080
475150
475260
475270
475280
475300
475310
475350
475380
475560
475630
475720
476000
476030
476070
476260
476310
476450
476550
476690
476750
476760
476800
476850
477050
477080
477490
477730
478150
479080
479520
479620
479730
479850
480020
480030
480040
480260
480310
480370
480460
481050
481060
481180
481190
481340
481430
481850
482030
482730
483020
483030
483280
483290
483320
483330
483340
483420
483570
483650
484790
484870
484880
484890
485540
485690
485810
486240
486290
486450
486830
487130
487230
487240
487340
487570
487750
487910
487920
487950
488080
488200
488210
488290
488480
488500
488720
488770
488980
489000
489010
489030
489250
489290
489790
489860
490090
490330
490480
490490
490590
490600
491010
491090
491220
491230
491510
491610
491620
491630
491700
491820
491830
492500
493420
493810
494180
494210
494220
494300
494310
494330
494340
494410
494420
494670
494840
494890
495040
495050
495060
495230
495330
495550
495750
495850
495940
496020
496080
496090
496120
496130
496770
497510
497520
497570
497780
497880
498050
498180
498270
498400
498410
498610
498860
499150
499660
499790
500020
500023
500024
500028
500029
500030
500035
500036
500037
500038
500040
500041
500050
500051
500061
500063
500067
500068
500069
500071
500072
500085
500086
500091
500093
500094
500095
500096
500097
500098
500099
500100
500101
500102
510027
510043
510044
510045
520037
520038
520039
520040
520046
520047
520054
520056
520057
520064
520065
520066
520068
520069
520072
520073
520074
520075
520076
520077
520078
520079
520080
520081
520082
520083
520084
520085
520086
520087
520088
520089
520090
520091
520092
520093
520094
520097
520098
520099
520100
520101
520102
530031
530036
530055
530056
530060
530061
530062
530063
530064
530067
530083
530084
530089
530090
530092
530094
530095
530096
530104
530106
530107
530112
530113
530114
530115
530116
530117
530118
530119
530120
530121
530122
530123
530124
530125
530126
530127
530128
530129
530130
530131
530132
530133
530134
530135
530136
530137
530138
530139
530140
530141
530142
530143
530145
550041
550062
550063
550064
550069
550070
550082
550084
550085
550087
550088
550089
550091
550092
550093
550095
550096
550097
550098
550099
550100
570019
570022
570023
570029
570047
570050
570051
570059
570060
570061
570063
570064
570065
570066
570069
570070
570071
570072
570073
570074
570081
570082
570085
570090
570091
570092
570094
570095
570096
570097
570098
570099
570100
570101
570102
570103
570104
570105
570106
570107
570108
570109
570110
570111
570114
570115
570116
570117
570118
570119
570120
570121
570122
570123
570124
580010
580022
580023
580026
580032
580033
580034
580035
580039
580043
580044
580047
580048
580049
580050
580051
580052
580053
580054
580056
580057
580058
580059
580060
580061
580062
580063
580064
580065
580066
580067
580068
580069
580070
580071
580072
580073
580074
580075
580076
580077
580078
580079
580080
580081
580082
580083
580084
580085
580086
580087
580088
610001
610003
610007
610008
610009
610012
610013
610018
610020
610022
610023
610024
610025
610028
610029
610030
610034
610035
610036
610037
610038
610039
610040
610045
610047
610049
610051
610055
610056
610057
610058
610059
610060
610061
610062
610063
610064
610066
610068
610069
610070
610071
610072
610073
610074
610075
610076
610077
610078
610079
610080
610081
610082
610083
610084
610085
610086
610087
610088
610089
610090
610091
610092
610093
610094
610095
610096
610097
610098
610099
610100
610101
700011
700012
700013
700014
700017
700018
700022
700023
700026
700027
700028
700029
700030
700031
700032
700033
700034
700035
700036
760004
760005
760006
760007
760008
760009
760010
760011
760012
760013
760014
760015
760016
760017
760018
760019
760020
760021
760022
760023
760024
760025
760026
760027
760028
900140
950210
