000250
000440
001000
001540
001810
001840
002230
002290
002680
002800
003100
003310
003380
003800
004590
004650
004780
005160
005290
005670
005710
005860
005990
006050
006140
006620
006730
006910
006920
007330
007370
007390
007530
007680
007720
007770
007820
008290
008370
008470
008830
009300
009520
009620
009730
009780
010170
010240
010280
010470
011040
011080
011320
011370
011560
012210
012340
012620
012700
012790
012860
013030
013120
013310
013720
013810
013990
014100
014190
014470
014570
014620
014940
014950
014970
015710
015750
016100
016250
016600
016670
016790
016920
017000
017250
017480
017510
017650
017890
018000
018120
018290
018310
018620
018680
018700
019010
019210
019540
019550
019570
019660
019770
019990
020180
020400
020710
021040
021045
021080
021320
021650
021880
022220
023160
023410
023440
023600
023760
023770
023790
023900
023910
024060
024120
024740
024800
024830
024840
024850
024880
024910
024940
024950
025320
025440
025550
025770
025870
025880
025900
025950
025980
026040
026150
026910
027040
027050
027360
027580
027710
027830
028080
028300
029480
030350
030520
030530
030960
031310
031330
031510
031860
031980
032080
032190
032280
032300
032500
032540
032580
032620
032680
032685
032750
032790
032800
032820
032850
032860
032940
032960
033050
033100
033130
033160
033170
033200
033230
033290
033310
033320
033340
033500
033540
033560
033640
033790
033830
034810
034940
034950
035080
035200
035290
035460
035600
035610
035620
035760
035810
035890
035900
036000
036010
036030
036090
036120
036170
036190
036200
036220
036480
036540
036560
036620
036630
036640
036670
036690
036710
036800
036810
036830
036890
036930
037030
037070
037230
037330
037350
037370
037400
037440
037460
037760
037950
038010
038060
038070
038110
038290
038390
038460
038500
038530
038540
038620
038680
038870
038880
038950
039010
039020
039030
039200
039240
039290
039310
039340
039420
039440
039560
039610
039740
039830
039840
039860
039980
040160
040300
040350
040420
040610
040910
041020
041190
041440
041460
041510
041520
041590
041830
041910
041920
041930
041960
042000
042040
042110
042370
042420
042500
042510
042520
042600
042940
043090
043100
043150
043200
043220
043260
043340
043360
043370
043590
043610
043650
043710
043910
044180
044340
044480
044490
044780
044960
044990
045060
045100
045300
045340
045390
045510
045520
045660
045970
046070
046120
046210
046310
046390
046440
046890
046940
046970
047080
047310
047560
047770
047820
047920
048410
048430
048470
048530
048550
048770
048830
048870
048910
049070
049080
049120
049180
049430
049470
049480
049520
049550
049630
049720
049830
049950
049960
050090
050110
050120
050760
050860
050890
050960
051160
051360
051370
051380
051390
051490
051500
051780
051980
052020
052220
052260
052300
052330
052400
052420
052460
052600
052710
052770
052790
052860
052900
053030
053050
053060
053080
053160
053260
053270
053280
053290
053300
053350
053450
053580
053610
053620
053700
053800
053950
053980
054040
054050
054090
054180
054210
054220
054300
054410
054450
054540
054620
054670
054780
054800
054920
054930
054940
054950
056080
056090
056190
056360
056700
056730
057030
057540
057680
058110
058400
058450
058470
058610
058630
058820
058970
059090
059100
059120
059210
059270
060150
060230
060240
060250
060260
060280
060310
060370
060380
060480
060540
060560
060570
060590
060720
060850
060900
061040
061090
061250
061970
062970
063080
063170
063440
063570
063760
064090
064240
064260
064290
064480
064520
064550
064760
064800
064820
064850
065060
065130
065150
065170
065350
065370
065420
065440
065450
065500
065510
065530
065570
065650
065660
065680
065690
065710
065770
065950
066130
066310
066360
066410
066430
066590
066620
066670
066700
066790
066900
066910
066980
067000
067010
067080
067160
067170
067280
067290
067310
067370
067390
067570
067630
067730
067770
067900
067920
067990
068050
068100
068240
068330
068760
068790
068930
068940
069080
069140
069330
069410
069510
069540
069920
070300
070590
071200
071280
071670
071850
072020
072470
072770
072870
072950
072990
073010
073110
073190
073490
073540
073560
073570
073640
074430
074600
075130
075970
076080
076610
077360
078020
078070
078130
078140
078150
078160
078340
078350
078590
078600
078860
078890
079000
079170
079190
079370
079650
079810
079940
079950
079960
079970
080010
080160
080220
080420
080470
080520
080530
080580
080720
081150
081180
081580
082210
082270
082660
082800
082850
082920
083310
083450
083470
083500
083550
083640
083650
083660
083790
083930
084110
084180
084370
084440
084650
084730
084850
084990
085660
085670
085810
085910
086040
086060
086390
086450
086520
086670
086710
086820
086890
086900
086960
086980
087010
087260
087600
088130
088280
088290
088340
088390
088800
088910
089010
089030
089140
089150
089230
089600
089790
089850
089890
089970
089980
090150
090360
090410
090470
090710
090850
091120
091340
091440
091580
091590
091700
091970
092040
092070
092130
092190
092300
092460
092600
092730
092870
093190
093320
093380
093520
093640
093920
094170
094360
094480
094820
094840
094850
094860
094940
094970
095190
095270
095340
095500
095610
095660
095700
095910
096240
096250
096350
096530
096610
096630
096690
096870
097780
097800
097870
098070
098120
098460
098660
099190
099220
099320
099390
099410
099430
099440
099520
099750
100030
100120
100130
100590
100660
100700
100790
101000
101160
101170
101240
101330
101360
101400
101490
101670
101680
101730
101930
101970
102120
102370
102710
102940
103230
103840
104040
104200
104460
104480
104540
104620
104830
105330
105550
105740
105760
106080
106190
106240
107600
107640
108230
108380
108490
108860
109080
109610
109670
109740
109820
109860
109960
110020
110790
110990
111710
112040
112290
113810
114190
114450
114630
114810
114840
115160
115180
115310
115440
115450
115480
115500
115530
115570
115610
117670
117730
118990
119500
119610
119830
119850
120240
121440
121600
121800
121850
121890
122310
122350
122450
122640
122690
122870
122990
123010
123040
123330
123410
123420
123570
123750
123840
123860
124500
124560
125020
125210
125490
126340
126600
126640
126700
126730
126880
127120
127710
127980
128540
128660
129890
129920
130500
130580
130740
131030
131090
131100
131180
131220
131290
131370
131400
131760
131970
133750
134060
134580
136150
136410
136480
136540
137080
137400
137940
137950
138070
138080
138360
138610
139670
140070
140410
140430
140520
140670
140860
141000
141080
142210
142280
142760
143160
143240
143540
144510
144960
145020
145170
146060
146320
147760
147830
148150
148250
148780
148930
149950
149980
150900
151860
153460
153490
153710
153890
154030
154040
155650
156100
158430
159010
159580
159910
160190
160550
160980
161580
162300
163280
163730
166090
166480
168330
168360
169330
170030
170790
170920
171010
171090
171120
172670
173130
173940
174900
175140
175250
176750
177350
177830
177900
178320
178780
179290
179530
179900
180400
182360
182400
183300
183490
184230
185490
186230
187220
187270
187420
187660
187790
187870
188040
188260
189300
189330
189690
189860
189980
190510
190650
191410
191420
192250
192390
192410
192440
193250
194480
194700
195500
195940
195990
196170
196300
196450
196490
196700
197140
198080
198440
198940
199430
199480
199550
199730
199800
199820
200130
200230
200350
200470
200670
200710
200780
201490
203400
203450
203650
203690
204020
204270
204610
204620
204840
205100
205470
205500
206400
206560
206640
206650
207760
208140
208350
208370
208640
208710
208860
209640
210120
211050
211270
212560
212710
213420
214150
214180
214260
214270
214370
214430
214450
214610
214680
215000
215090
215100
215200
215360
215380
215480
215600
215790
216050
216080
217190
217270
217330
217480
217500
217730
217820
218150
218410
219130
219420
219550
219750
220100
220180
220260
221800
221840
221980
222040
222080
222110
222160
222420
222800
222980
223250
223310
224060
224110
225190
225220
225430
225530
225570
225590
226330
226340
226400
226590
226950
227610
227950
228340
228670
228760
228850
229000
230240
232140
232680
232830
234030
234100
234300
234340
234690
234920
235980
236200
236810
237690
237750
237820
237880
238090
238120
238200
238490
239340
239610
239890
240550
240600
240810
241520
241690
241710
241770
241790
241820
241840
242040
243070
243840
244460
245620
246250
246690
246710
246720
246960
247540
247660
250000
250060
250930
251120
251370
251630
251970
252500
252990
253450
253590
253840
254120
254490
255220
255440
256150
256630
256840
256940
257370
257720
258610
258790
258830
259630
260660
260930
260970
261200
261520
261780
262260
262840
263020
263050
263600
263690
263700
263720
263750
263770
263800
263810
263860
263920
264450
264660
264850
265520
265560
265740
267320
267790
267980
269620
270520
270660
270870
271830
272110
272290
273060
273640
274090
274400
275630
276040
276730
277070
277410
277810
277880
278280
278650
279600
281740
282720
282880
284620
285490
285800
286750
287840
288180
288330
288620
288980
289010
289080
289220
289930
290090
290120
290270
290520
290550
290560
290650
290660
290670
290690
290720
290740
291230
291650
291810
293490
293580
293780
294090
294140
294570
294630
295310
296640
297090
297570
297890
298060
298380
298540
298830
299030
299170
299660
299900
300080
300120
301300
302430
302550
303030
303360
303530
303810
304100
304360
304840
305090
306040
306620
307180
307280
307750
307870
307930
308080
308100
308430
309710
309930
309960
310200
310210
310870
311320
311390
311690
312610
313760
314130
314140
314930
315640
317120
317240
317330
317530
317690
317770
317830
317850
317870
318000
318010
318020
318060
318160
318410
319400
319660
320000
321260
321370
321550
321820
322180
322310
322510
322780
323280
323350
323990
327260
328130
328380
330350
330730
330860
331380
331520
331740
331920
332290
332370
332570
333050
333430
333620
334970
335810
335870
336060
336570
336680
337930
338220
338840
339950
340360
340440
340450
340570
340810
340930
342870
344860
347000
347700
347740
347770
347850
347860
347890
348030
348080
348150
348210
348340
348350
348370
351320
351330
351870
352090
352480
352700
352770
352910
352940
353190
353590
353810
354200
354320
355150
355390
355690
356680
356860
356890
357230
357550
357580
357780
357880
358570
359090
360070
360350
361390
361570
361670
362320
362990
363250
363260
364950
365270
365330
365340
365590
365900
366030
367000
368600
368770
368970
369370
370090
371950
372170
372320
372800
373110
373160
373170
373200
376180
376270
376290
376300
376900
376930
376980
377030
377220
377330
377450
377460
377480
378340
378800
380540
380550
381620
382150
382480
382800
382840
382900
383310
383930
384470
387570
388050
388210
388610
388720
388790
388870
389020
389030
389140
389260
389470
389500
389650
389680
391710
393210
393890
393970
394280
394420
394800
396270
396300
396470
397030
397810
398120
399720
402030
402490
403490
403850
403870
405000
405100
405920
406820
407400
408470
408900
408920
411080
412350
412540
413390
413630
413640
415380
416180
417010
417180
417200
417500
417790
417840
417860
417970
418250
418420
418470
418550
418620
419050
419080
419120
419530
419540
420570
420770
424760
424870
424960
424980
425040
425420
429270
430690
431190
432430
432470
432720
432980
434480
435570
437730
438700
439090
439580
439960
440110
440290
440320
441270
443250
443670
444530
445090
445180
445680
446540
446840
448280
448710
448900
450330
450520
450950
451220
451250
451760
452160
452190
452200
452280
452300
452400
452430
452450
453450
453860
455180
455900
456010
456070
456160
457370
457550
457600
458350
458650
458870
459100
459510
459550
460470
460870
460930
460940
461030
461300
462310
462350
462510
462860
462980
463020
463480
464080
464280
464490
464500
464580
465320
465480
466100
466410
466690
467930
468530
468760
469480
469610
469750
469880
469900
471050
471820
472220
472230
472850
473000
473050
473950
473980
474170
474490
474610
474650
474660
474930
475040
475230
475240
475250
475400
475430
475460
475580
475660
475830
475960
476040
476060
476080
476830
477340
477380
477470
477760
477850
478110
478340
478390
478440
478560
479880
479960
481070
481890
482520
482630
482680
482690
484120
484130
484590
484810
486630
486990
487360
487580
487720
487830
488060
488280
488900
489210
489460
489480
489500
489730
490470
491000
492220
493280
493330
493790
494120
496070
498390
900070
900100
900110
900120
900250
900260
900270
900290
900300
900310
900340
950130
950140
950160
950170
950190
950200
950220
950250
